721
880444
34155
483955
710555
67287
682909
44767
541178
471031
962453
513843
894576
311666
86736
483507
870104
917110
218722
978725
936165
560829
799560
99038
382063
551891
972802
241467
395040
346953
721953
59737
709847
139071
85559
343655
996156
161053
699484
542194
882420
344007
351404
153089
75996
670533
463330
363580
610667
356217
236801
571392
571849
346642
628596
82384
139843
813233
199591
883492
398088
539715
491117
904282
669374
459252
88654
24991
894428
454483
102513
366063
941300
875538
379950
196132
845570
342317
971820
376750
73443
363718
901663
65279
265222
933252
664900
556055
186886
176131
174389
227043
127374
450377
317180
910572
141240
844651
403665
3329
867635
299689
328851
37699
122145
342287
338554
671275
392025
235970
698710
493896
620097
858957
301395
114856
63038
91095
64796
944466
254343
977963
497785
38423
434782
627689
25978
293052
366023
95233
543087
222786
621261
946551
475271
985549
481035
860593
791403
296040
9873
558507
240500
681571
248274
694646
848520
835371
60445
20188
337124
355425
901801
840092
75078
44487
501481
898919
134237
796767
436738
869660
461180
907400
346814
387511
331053
642041
352763
569710
317420
88418
993452
171993
937405
936072
538852
771014
708060
523715
482904
615222
579213
464040
218393
271972
336053
723190
101852
209005
164392
78398
460447
561830
742449
67363
879717
59254
652874
817110
489748
539708
856372
117662
314959
855340
916811
878572
333414
148542
352940
307191
225051
964748
150640
890453
874854
24375
260972
771433
523244
714701
45170
623237
258032
142262
572599
720033
933350
890171
622376
147028
811153
402385
831199
345339
791253
66078
376737
352525
903196
419367
474107
809817
733447
128174
388618
426460
339025
577185
439151
978805
133622
520343
401661
641532
332079
252225
276608
227768
191912
262821
184428
284309
581746
193609
51251
600960
49810
994416
478382
717050
784723
981003
688235
52089
186346
108987
641328
829585
204190
582571
965685
140169
13095
730968
439895
436438
729365
78992
866944
170261
210533
13763
686163
846696
305393
166064
104249
661059
809278
454432
216734
155050
519370
598146
223815
349299
57806
487720
225728
682857
840186
74506
153515
42906
20924
786878
472844
561615
53575
960881
383408
211167
893893
921981
438261
978272
359292
566754
261133
280389
724083
556008
724082
233984
716297
411872
543937
551431
657514
535872
210551
736167
265768
963884
129425
127548
679083
994382
28663
215324
235592
421746
615930
284897
386468
435782
81615
62241
548662
752110
360119
327414
188100
282932
725051
281243
597579
262561
221719
21271
937807
680784
303362
563000
104072
155227
504210
273201
534307
119078
691544
539944
212204
842985
292895
361157
35966
688125
103931
169130
268339
343899
998216
830764
442228
550153
103864
746683
835386
218954
131620
201375
393287
310122
799605
660205
196141
425936
21921
777549
33832
199780
175662
92107
66068
28368
678375
745420
739181
509440
24025
652857
620979
473555
147892
577025
511237
715395
795624
84903
561580
678064
639129
498192
123420
146499
711151
925361
792123
596214
933717
715816
129346
15131
915400
312575
110217
827498
471811
887351
46809
799628
353214
487075
271721
314201
940161
368304
639660
194876
772062
202733
123053
815543
659603
613241
844003
285611
589248
10396
351616
463534
901004
432977
555928
505730
132300
689153
377413
422433
685778
354264
740215
394850
457949
813103
97360
387873
944450
426083
113724
977133
848254
686912
240278
62853
183128
413590
813681
756568
413293
375194
228020
6634
61891
924851
241524
311175
748750
382713
182004
72400
771219
199621
614770
353364
335350
115035
293018
584036
121857
626476
937664
10390
510302
144313
70129
146248
189743
582314
282824
592180
446743
761513
585566
346598
402675
100617
761822
570761
519081
11919
517300
113022
714805
609455
325176
820059
302569
28843
378670
556012
303090
847643
726505
82975
920204
515493
964069
181656
998605
443991
631541
909614
139139
91001
981073
792864
564720
370778
237104
142504
794760
491670
539627
915253
526663
233868
640818
445000
815091
404636
523696
808896
320623
376557
981511
223184
704736
419831
796102
24913
752099
864986
222108
233008
412002
81286
462876
128467
937844
472776
645705
92034
699161
914021
143980
25960
93685
802610
568120
565868
747813
921707
104408
199551
737915
344696
692040
331804
947645
192463
142035
573461
801452
937262
188954
913814
49529
119670
622905
843871
276104
61898
449469
999025
30842
319448
157604
145799
101931
263730
834562
505032
206198
121032
684378
638468
458845
728474
73192
864847
399581
168272
393824
942874
82606
530071
757405
505631
86743
162860
699095
819852
427155
516928
17579
870084
595414
223856
30199
411651
802672
212167
348241
272569
216593
777982
228319
128050
141797
498966
230656
453920
551720
532642
128680
325864
356962
688643
380471
918308
121798
829563
706198
824422
3158
475224
40659
189412
835988
216739
479896
53279
78086
312350
250515
59258
350830
625117
29612
630214
890110
371134
84703
836967
6609
570349
789825
830036
